112.2
112.2
112.2
112.2
112.2
112.2
112.2
112.2
112.2
112.2
111.6
111.6
111.6
111.6
111.6
111.6
111.6
111.6
111.6
111.6
107.8
107.8
107.8
107.8
107.8
107.8
107.8
107.8
107.8
107.8
107.8
106.7
106.7
106.7
106.7
106.7
106.7
106.7
106.7
106.7
106.7
102.3
102.3
102.3
102.3
102.3
102.3
102.3
102.3
102.3
102.3
101.1
101.1
101.1
101.1
101.1
101.1
101.1
101.1
97.1
97.1
97.1
97.1
97.1
97.1
97.1
97.1
97.1
97.1
95.5
95.5
95.5
95.5
95.5
95.5
95.5
95.5
95.5
95.5
93.7
93.7
93.7
93.7
93.7
93.7
93.7
93.7
93.7
93.7
93.7
91.9
91.9
91.9
91.9
91.9
91.9
91.9
91.9
91.9
91.9
90.3
90.3
90.3
90.3
90.3
90.3
90.3
90.3
90.3
90.3
88.6
88.6
88.6
88.6
88.6
88.6
88.6
88.6
88.6
88.6
86.6
86.6
86.6
86.6
86.6
86.6
86.6
86.6
86.6
86.6
85.2
85.2
85.2
85.2
85.2
85.2
85.2
85.2
85.2
85.2
83
83
83
83
83
83
83
83
83
83
83
81.9
81.9
81.9
81.9
81.9
81.9
81.9
81.9
81.9
81.9
81.9
81.9
81.9
80
80
80
80
80
80
80
80
80
80
80
80
80
80
80
80
80
80
80
80
80
80
80
80
80
80
80
80
80
80
80
80
80
80
80
80
80
80
80
80
80
80
80
80
80
80
80
80
80
80
80
80
80
80
80
80
80
80
80
80
80
80
80
80
80
80
80
80
80
80
80
80
80
80
80
80
80
80
80
80
80
80
80
80
80
80
80
80
80
80
80
80
80
80
112.9
112.9
112.9
112.9
112.9
112.9
112.9
112.9
112.9
112.9
112.9
112.9
112.9
112.9
112.9
112.9
112.9
112.9
112.9
112.9
112.9
112.9
112.9
112.9
112.9
112.9
112.9
112.9
112.9
112.9
112.9
112.9
112.9
112.9
112.9
112.9
112.9
112.9
112.9
112.9
112.9
112.9
112.9
112.9
112.9
112.9
112.9
112.9
112.9
112.9
112.9
112.9
112.9
112.9
112.9
112.9
112.9
112.9
112.9
112.9
112.9
112.9
112.9
112.9
112.9
112.9
112.9
112.9
112.9
112.9
112.9
112.9
112.9
112.9
112.9
112.9
112.9
112.9
112.9
112.9
112.9
112.9
112.9
112.9
112.9
112.9
112.9
112.9
112.9
112.9
112.9
112.9
112.9
112.9
112.9
112.9
112.7
112.7
112.7
112.7
112.7
112.7
112.7
112.7
112.7
112.7
112.7
