53.9
53.9
53.9
53.9
53.9
53.9
53.9
53.9
53.9
53.9
53.4
53.4
53.4
53.4
53.4
53.4
53.4
53.4
53.4
53.4
52.9
52.9
52.9
52.9
52.9
52.9
52.9
52.9
52.9
52.9
52.9
52.4
52.4
52.4
52.4
52.4
52.4
52.4
52.4
52.4
52.4
51.9
51.9
51.9
51.9
51.9
51.9
51.9
51.9
51.9
51.9
51.4
51.4
51.4
51.4
51.4
51.4
51.4
51.4
50.8
50.8
50.8
50.8
50.8
50.8
50.8
50.8
50.8
50.8
50.2
50.2
50.2
50.2
50.2
50.2
50.2
50.2
50.2
50.2
49.6
49.6
49.6
49.6
49.6
49.6
49.6
49.6
49.6
49.6
49.6
48.9
48.9
48.9
48.9
48.9
48.9
48.9
48.9
48.9
48.9
48.3
48.3
48.3
48.3
48.3
48.3
48.3
48.3
48.3
48.3
47.8
47.8
47.8
47.8
47.8
47.8
47.8
47.8
47.8
47.8
47.2
47.2
47.2
47.2
47.2
47.2
47.2
47.2
47.2
47.2
46.9
46.9
46.9
46.9
46.9
46.9
46.9
46.9
46.9
46.9
46.6
46.6
46.6
46.6
46.6
46.6
46.6
46.6
46.6
46.6
46.6
46.5
46.5
46.5
46.5
46.5
46.5
46.5
46.5
46.5
46.5
46.5
46.5
46.5
46
46
46
46
46
46
46
46
46
46
46
46
46
46
46
46
46
46
46
46
46
46
46
46
46
46
46
46
46
46
46
46
46
46
46
46
46
46
46
46
46
46
46
46
46
46
46
46
46
46
46
46
46
46
46
46
46
46
46
46
46
46
46
46
46
46
46
46
46
46
46
46
46
46
46
46
46
46
46
46
46
46
46
46
46
46
46
46
46
46
46
46
46
46
55
55
55
55
55
55
55
55
55
55
55
55
55
55
55
55
55
55
55
55
55
55
55
55
55
55
55
55
55
55
55
55
55
55
55
55
55
55
55
55
55
55
55
55
55
55
55
55
55
55
55
55
55
55
55
55
54.9
54.9
54.9
54.9
54.9
54.9
54.9
54.9
54.9
54.9
54.8
54.8
54.8
54.8
54.8
54.8
54.8
54.8
54.8
54.8
54.8
54.8
54.8
54.8
54.8
54.8
54.8
54.8
54.8
54.8
54.5
54.5
54.5
54.5
54.5
54.5
54.5
54.5
54.5
54.5
54.2
54.2
54.2
54.2
54.2
54.2
54.2
54.2
54.2
54.2
54.2
