108.4
108.4
108.4
108.4
108.4
108.4
108.4
108.4
108.4
108.4
107.6
107.6
107.6
107.6
107.6
107.6
107.6
107.6
107.6
107.6
106.9
106.9
106.9
106.9
106.9
106.9
106.9
106.9
106.9
106.9
106.9
106.1
106.1
106.1
106.1
106.1
106.1
106.1
106.1
106.1
106.1
104.9
104.9
104.9
104.9
104.9
104.9
104.9
104.9
104.9
104.9
103.7
103.7
103.7
103.7
103.7
103.7
103.7
103.7
102.5
102.5
102.5
102.5
102.5
102.5
102.5
102.5
102.5
102.5
100.3
100.3
100.3
100.3
100.3
100.3
100.3
100.3
100.3
100.3
98.2
98.2
98.2
98.2
98.2
98.2
98.2
98.2
98.2
98.2
98.2
96
96
96
96
96
96
96
96
96
96
94.3
94.3
94.3
94.3
94.3
94.3
94.3
94.3
94.3
94.3
92.7
92.7
92.7
92.7
92.7
92.7
92.7
92.7
92.7
92.7
91
91
91
91
91
91
91
91
91
91
90.9
90.9
90.9
90.9
90.9
90.9
90.9
90.9
90.9
90.9
90.8
90.8
90.8
90.8
90.8
90.8
90.8
90.8
90.8
90.8
90.8
90.7
90.7
90.7
90.7
90.7
90.7
90.7
90.7
90.7
90.7
90.7
90.7
90.7
90
90
90
90
90
90
90
90
90
90
90
90
90
90
90
90
90
90
90
90
90
90
90
90
90
90
90
90
90
90
90
90
90
90
90
90
90
90
90
90
90
90
90
90
90
90
90
90
90
90
90
90
90
90
90
90
90
90
90
90
90
90
90
90
90
90
90
90
90
90
90
90
90
90
90
90
90
90
90
90
90
90
90
90
90
90
90
90
90
90
90
90
90
90
109.6
109.6
109.6
109.6
109.6
109.6
109.6
109.6
109.6
109.6
109.6
109.6
109.6
109.6
109.6
109.6
109.6
109.6
109.6
109.6
109.6
109.6
109.6
109.6
109.6
109.6
109.6
109.6
109.6
109.6
109.6
109.6
109.6
109.6
109.6
109.6
109.6
109.6
109.6
109.6
109.6
109.6
109.6
109.6
109.6
109.6
109.6
109.6
109.6
109.6
109.6
109.6
109.6
109.6
109.6
109.6
109.6
109.6
109.6
109.6
109.6
109.6
109.6
109.6
109.6
109.6
109.6
109.6
109.6
109.6
109.6
109.6
109.6
109.6
109.6
109.6
109.6
109.6
109.6
109.6
109.6
109.6
109.6
109.6
109.6
109.6
109.2
109.2
109.2
109.2
109.2
109.2
109.2
109.2
109.2
109.2
108.8
108.8
108.8
108.8
108.8
108.8
108.8
108.8
108.8
108.8
108.8
